Nom du Graphe    	Temps_BellmanFord	Temps_Dijkstra    	Moy d'Arcs/Noeud 	Ratio
Graphe1.txt      	1235500          	350599           	7,8              	113448,8462      
Graphe101.txt    	7272799          	2941701          	53,7             	80653,5940       
Graphe102.txt    	3243500          	2386500          	52,1             	16455,4531       
Graphe103.txt    	2341999          	1703900          	53,9             	11834,1803       
Graphe104.txt    	3069699          	2056900          	51,3             	19727,2887       
Graphe105.txt    	3150800          	1474001          	50,9             	32917,1378       
Graphe11.txt     	38100            	33100            	9,0              	555,5556         
Graphe12.txt     	28700            	29600            	7,0              	-128,5714        
Graphe13.txt     	38899            	40000            	7,0              	-157,2857        
Graphe14.txt     	41801            	30200            	8,2              	1414,7561        
Graphe15.txt     	89900            	29400            	6,0              	10083,3333       
Graphe2.txt      	36899            	30400            	8,4              	773,6905         
Graphe201.txt    	6600600          	5939601          	101,6            	6509,0990        
Graphe202.txt    	6387200          	3121300          	103,4            	31578,9983       
Graphe203.txt    	6666800          	3222800          	101,4            	33981,2531       
Graphe204.txt    	6739200          	3096501          	100,5            	36234,9448       
Graphe205.txt    	5185101          	2846600          	102,1            	22906,2690       
Graphe21.txt     	85700            	53301            	13,0             	2492,2308        
Graphe22.txt     	80799            	62800            	12,1             	1487,5207        
Graphe23.txt     	57300            	47101            	11,5             	886,8696         
Graphe24.txt     	65500            	50600            	13,6             	1095,5882        
Graphe25.txt     	73100            	48700            	11,7             	2085,4701        
Graphe301.txt    	11163500         	6592600          	152,1            	30058,5270       
Graphe302.txt    	8867000          	6186000          	152,0            	17641,2529       
Graphe303.txt    	7300400          	5931801          	153,1            	8940,4168        
Graphe304.txt    	9490801          	5490800          	152,4            	26249,0222       
Graphe305.txt    	9706400          	5572900          	152,8            	27043,4422       
Graphe31.txt     	71001            	64200            	16,3             	418,0943         
Graphe32.txt     	65801            	65599            	18,3             	11,0584          
Graphe33.txt     	76900            	66500            	17,3             	602,3166         
Graphe34.txt     	127500           	69899            	17,5             	3285,2281        
Graphe35.txt     	76399            	72200            	16,5             	253,9718         
Graphe4.txt      	3600             	3600             	2,7              	0,0000           
Graphe401.txt    	19910701         	11356499         	203,1            	42111,9579       
Graphe402.txt    	22474300         	11581501         	202,3            	53858,0915       
Graphe403.txt    	20705700         	11513701         	202,8            	45323,2040       
Graphe404.txt    	22809499         	10612801         	202,4            	60266,3208       
Graphe405.txt    	13720400         	9804900          	203,4            	19246,9339       
Graphe41.txt     	145800           	95300            	22,1             	2290,2494        
Graphe42.txt     	138900           	93600            	22,7             	1995,5947        
Graphe43.txt     	144300           	93099            	21,3             	2403,8028        
Graphe44.txt     	156300           	103500           	23,3             	2266,0944        
Graphe45.txt     	118800           	94600            	23,7             	1021,0970        
Graphe5.txt      	6400             	4900             	3,3              	450,0000         
Graphe501.txt    	31645700         	15794400         	252,6            	62764,5000       
Graphe502.txt    	32862401         	16808700         	253,1            	63427,2908       
Graphe503.txt    	21986801         	15074800         	252,0            	27428,5754       
Graphe504.txt    	27699501         	15087700         	251,0            	50251,8249       
Graphe505.txt    	31800001         	16457801         	252,4            	60784,2982       
Graphe51.txt     	395000           	256401           	27,7             	4999,9639        
Graphe52.txt     	414799           	215700           	28,2             	7070,2770        
Graphe53.txt     	437800           	231700           	26,7             	7724,8876        
Graphe54.txt     	309500           	246201           	28,0             	2257,4536        
Graphe55.txt     	327300           	211000           	27,9             	4171,4491        
Graphe601.txt    	37577800         	28914300         	301,2            	28762,6436       
Graphe602.txt    	41881100         	22674600         	301,8            	63636,3134       
Graphe603.txt    	41630000         	24010300         	301,9            	58358,1925       
Graphe604.txt    	34999100         	24367201         	301,4            	35270,3656       
Graphe605.txt    	40858700         	21640800         	302,5            	63535,1487       
Graphe61.txt     	349601           	184600           	33,4             	4940,1497        
Graphe62.txt     	285101           	182100           	31,2             	3304,8449        
Graphe63.txt     	393200           	202999           	32,6             	5840,3582        
Graphe64.txt     	296100           	193699           	32,6             	3144,3501        
Graphe65.txt     	338199           	197400           	32,2             	4377,1710        
Graphe701.txt    	39733000         	31757600         	351,1            	22718,6086       
Graphe702.txt    	57088599         	33154100         	351,9            	68021,1333       
Graphe703.txt    	42755501         	32325000         	352,0            	29628,2573       
Graphe704.txt    	45874499         	32926599         	351,2            	36863,3982       
Graphe705.txt    	39669500         	28768600         	352,8            	30895,7405       
Graphe71.txt     	382800           	235100           	36,7             	4022,9572        
Graphe72.txt     	477801           	236900           	37,2             	6475,8333        
Graphe73.txt     	469600           	239899           	37,6             	6109,0691        
Graphe74.txt     	384600           	237800           	38,0             	3866,0647        
Graphe75.txt     	403300           	246700           	36,5             	4288,7324        
Graphe801.txt    	55697700         	39867100         	403,0            	39277,9873       
Graphe802.txt    	50824900         	38781400         	401,9            	29963,4274       
Graphe803.txt    	73703000         	39390300         	403,0            	85153,7412       
Graphe804.txt    	71054700         	39265399         	402,5            	78977,1771       
Graphe805.txt    	50567900         	37803501         	400,7            	31853,4622       
Graphe81.txt     	505700           	301100           	41,9             	4885,9701        
Graphe82.txt     	507700           	310600           	42,9             	4599,7666        
Graphe83.txt     	415300           	333101           	42,3             	1942,0910        
Graphe84.txt     	637699           	308900           	43,1             	7628,7471        
Graphe85.txt     	604000           	307800           	41,7             	7103,1175        
Graphe901.txt    	70838400         	51041701         	452,0            	43802,5290       
Graphe902.txt    	76520701         	53371400         	450,4            	51394,1618       
Graphe903.txt    	66044900         	49447300         	454,3            	36532,3042       
Graphe904.txt    	63516000         	48235899         	450,8            	33896,0226       
Graphe905.txt    	70763300         	50494100         	450,4            	45007,1055       
Graphe91.txt     	635600           	421999           	46,8             	4561,9578        
Graphe92.txt     	777599           	388799           	46,5             	8355,3009        
Graphe93.txt     	634799           	404101           	46,7             	4936,4765        
Graphe94.txt     	657600           	397100           	48,2             	5409,5524        
Graphe95.txt     	710300           	417900           	48,1             	6077,5982        
Moy_Final        	15203776         	9887620          	134,0            	22115,6516       