Nom du Graphe.Graphe    	Temps_BellmanFord	Temps_Dijkstra    	Moy d'Arcs/Graphe.Noeud 	Ratio
Graphe1          	647900           	69100            	1,0              	578800,0000      
Graphe2          	49500            	42600            	0,8              	9200,0000        
Graphe3          	112900           	148500           	1,6              	-22250,0000      
Graphe4          	87100            	60300            	1,5              	17866,6667       
Graphe5          	109700           	79300            	3,7              	8184,6154        
Graphe6          	118000           	77100            	3,3              	12584,6154       
Graphe7          	97600            	72300            	3,1              	8132,1429        
Graphe8          	105100           	85300            	3,8              	5210,5263        
Graphe9          	135000           	100200           	4,5              	7656,0000        
Graphe10         	112600           	98300            	5,4              	2640,0000        
Graphe11         	138100           	102000           	5,7              	6341,8919        
Graphe12         	180800           	129600           	7,3              	7027,4510        
Graphe13         	177400           	157400           	7,3              	2752,2936        
Graphe14         	161200           	135000           	5,4              	4874,4186        
Graphe15         	224200           	336100           	9,2              	-12116,5605      
Graphe16         	331300           	235700           	8,7              	11030,7692       
Graphe17         	398200           	230300           	9,7              	17243,7838       
Graphe18         	248000           	124300           	9,6              	12952,8796       
Graphe19         	270800           	140100           	8,8              	14916,8478       
Graphe20         	247500           	136400           	10,5             	10626,9565       
Graphe21         	189400           	127300           	12,1             	5137,7698        
Graphe22         	167700           	131900           	9,8              	3656,1702        
Graphe23         	177700           	138900           	10,0             	3880,0000        
Graphe24         	296700           	172600           	13,2             	9406,9971        
Graphe25         	248200           	177100           	10,7             	6665,6250        
Graphe26         	302900           	180500           	13,0             	9441,3223        
Graphe27         	239900           	193200           	11,6             	4030,6548        
Graphe28         	448900           	202300           	14,4             	17085,4503       
Graphe29         	377500           	211700           	14,6             	11346,1369       
Graphe30         	404400           	221700           	15,3             	11955,8282       
Graphe31         	730300           	320800           	17,3             	23707,8947       
Graphe32         	555500           	268400           	19,0             	15133,9535       
Graphe33         	817200           	270900           	18,2             	30016,4835       
Graphe34         	690600           	304700           	18,3             	21081,0319       
Graphe35         	541000           	287400           	17,3             	14661,2500       
Graphe36         	756400           	378500           	18,8             	20140,5330       
Graphe37         	600300           	341900           	19,4             	13330,1587       
Graphe38         	792900           	351700           	20,5             	21521,9512       
Graphe39         	502000           	621800           	19,4             	-6162,8607       
Graphe40         	1243400          	508300           	20,3             	36237,3239       
Graphe41         	538100           	388700           	21,1             	7082,9107        
Graphe42         	706700           	399300           	22,2             	13858,1967       
Graphe43         	586300           	440600           	19,5             	7484,5890        
Graphe44         	547900           	425100           	24,3             	5052,5939        
Graphe45         	459600           	459100           	24,4             	20,5061          
Graphe46         	735400           	434500           	21,6             	13927,8689       
Graphe47         	897900           	703200           	23,9             	8147,1392        
Graphe48         	608000           	639500           	22,1             	-1424,0506       
Graphe49         	629500           	662500           	23,4             	-1409,5477       
Graphe50         	756200           	742200           	27,1             	515,9461         
Graphe51         	761100           	736700           	24,8             	984,9200         
Graphe52         	685000           	755000           	25,6             	-2731,2139       
Graphe53         	673600           	842700           	24,6             	-6884,1599       
Graphe54         	724000           	907300           	29,1             	-6293,5622       
Graphe55         	546500           	654900           	27,6             	-3920,5584       
Graphe56         	597900           	433200           	30,5             	5393,9018        
Graphe57         	921200           	631000           	27,9             	10389,4417       
Graphe58         	1731700          	442500           	26,9             	47925,6506       
Graphe59         	1087200          	483000           	30,6             	19751,4469       
Graphe60         	1201900          	494000           	29,2             	24261,9127       
Graphe61         	1401800          	379400           	32,8             	31161,6836       
Graphe62         	1094100          	353400           	31,9             	23237,6471       
Graphe63         	685000           	341500           	28,0             	12267,8571       
Graphe64         	958100           	390800           	31,0             	18291,0601       
Graphe65         	1017000          	418200           	31,9             	18791,3817       
Graphe66         	876100           	389200           	33,2             	14676,0638       
Graphe67         	823000           	404700           	31,7             	13179,3151       
Graphe68         	1185900          	425300           	35,4             	21511,9192       
Graphe69         	795500           	413200           	32,8             	11669,5185       
Graphe70         	934400           	462000           	38,8             	12169,1592       
Graphe71         	718800           	446600           	36,1             	7541,0247        
Graphe72         	1349800          	455500           	35,0             	25561,2978       
Graphe73         	1342700          	634400           	36,8             	19247,2826       
Graphe74         	1172500          	555100           	37,4             	16510,3448       
Graphe75         	890200           	538900           	40,2             	8734,2912        
Graphe76         	1026100          	507600           	36,9             	14057,3514       
Graphe77         	1187400          	779300           	40,5             	10078,1182       
Graphe78         	1034400          	598800           	39,4             	11069,8856       
Graphe79         	1059100          	544200           	39,9             	12904,3626       
Graphe80         	808400           	519700           	37,3             	7743,9974        
Graphe81         	906800           	702600           	41,8             	4885,7308        
Graphe82         	1328200          	866500           	40,7             	11336,6852       
Graphe83         	882800           	568000           	38,6             	8160,4148        
Graphe84         	1226000          	1072700          	42,1             	3641,9337        
Graphe85         	2860800          	749900           	45,4             	46457,9560       
Graphe86         	1848000          	1039100          	43,2             	18712,7234       
Graphe87         	1403300          	725600           	44,1             	15363,0413       
Graphe88         	1989500          	627800           	40,9             	33293,3985       
Graphe89         	1684400          	745600           	45,8             	20511,5966       
Graphe90         	1727100          	783100           	40,6             	23252,4766       
Graphe91         	1752600          	872500           	47,6             	18492,8378       
Graphe92         	1833400          	882500           	48,4             	19662,2525       
Graphe93         	1961400          	669800           	50,7             	25488,5750       
Graphe94         	1782000          	621700           	45,7             	25379,0841       
Graphe95         	2189100          	868900           	50,7             	26028,3333       
Graphe96         	1969800          	851400           	43,2             	25874,2210       
Graphe97         	2426400          	907900           	48,7             	31176,1717       
Graphe98         	1922200          	683700           	44,6             	27756,6114       
Graphe99         	2500100          	912000           	49,7             	31945,4491       
Graphe100        	2401000          	857300           	46,4             	33282,0545       
Graphe101        	1959400          	1046900          	51,9             	17577,6136       
Graphe102        	2084700          	798000           	50,9             	25286,6213       
Graphe103        	2874500          	950200           	56,5             	34072,7656       
Graphe104        	1948200          	800800           	50,6             	22674,1984       
Graphe105        	1911700          	797500           	49,3             	22622,2770       
Graphe106        	2422100          	855800           	53,5             	29276,6355       
Graphe107        	2596600          	879200           	56,5             	30408,8044       
Graphe108        	1985700          	832100           	51,3             	22503,2807       
Graphe109        	2861100          	857800           	52,3             	38305,9948       
Graphe110        	2272700          	919400           	57,7             	23451,8954       
Graphe111        	2794400          	842700           	51,0             	38275,2690       
Graphe112        	2246300          	930100           	56,7             	23201,9174       
Graphe113        	2289400          	944800           	57,4             	23439,2906       
Graphe114        	2616300          	930400           	55,0             	30638,3205       
Graphe115        	2369300          	972300           	60,0             	23296,6078       
Graphe116        	1880300          	956400           	57,3             	16124,8632       
Graphe117        	3137400          	963400           	56,5             	38457,8564       
Graphe118        	3330200          	1487300          	63,8             	28878,0360       
Graphe119        	3306900          	1251800          	57,6             	35676,7719       
Graphe120        	2962400          	1033800          	59,7             	32293,3297       
Graphe121        	3047100          	1052400          	60,5             	32994,6342       
Graphe122        	2635200          	1071600          	61,0             	25615,8541       
Graphe123        	3236900          	1100400          	62,2             	34353,2930       
Graphe124        	3367100          	1331900          	64,2             	31697,7998       
Graphe125        	4223600          	1197500          	68,1             	44414,0414       
Graphe126        	3568900          	1214500          	67,6             	34819,5494       
Graphe127        	3117200          	1203100          	67,5             	28371,6994       
Graphe128        	2779400          	1184900          	63,1             	25275,5761       
Graphe129        	3502100          	1210400          	66,4             	34491,3488       
Graphe130        	3131300          	1423100          	70,2             	24339,6373       
Graphe131        	3922200          	1308800          	72,1             	36248,0133       
Graphe132        	4238900          	1329200          	69,9             	41638,1674       
Graphe133        	4818400          	1421700          	64,5             	52671,0889       
Graphe134        	4588500          	1328900          	67,5             	48295,6313       
Graphe135        	4288000          	1394500          	70,2             	41236,8147       
Graphe136        	3738900          	1495000          	74,7             	30052,2321       
Graphe137        	3724400          	1358500          	61,0             	38780,6722       
Graphe138        	4483000          	1512100          	71,9             	41299,3744       
Graphe139        	5205200          	1460600          	69,3             	54063,9566       
Graphe140        	4560800          	1520000          	69,4             	43823,5664       
Graphe141        	4707600          	1549100          	72,2             	43770,2781       
Graphe142        	4473700          	1540200          	70,1             	41857,3127       
Graphe143        	5176500          	1537400          	68,1             	53472,7908       
Graphe144        	5781800          	1596200          	74,0             	56525,5388       
Graphe145        	5880900          	1517800          	67,0             	65167,2119       
Graphe146        	3770300          	1564200          	67,2             	32837,4535       
Graphe147        	5138000          	1672900          	74,6             	46429,8471       
Graphe148        	4059300          	1634000          	70,6             	34339,7206       
Graphe149        	4712600          	1730400          	79,3             	37613,7822       
Graphe150        	5560200          	1795800          	75,9             	49583,0849       
Graphe151        	6647000          	1816600          	80,4             	60065,9298       
Graphe152        	4760400          	1825500          	75,6             	38812,7608       
Graphe153        	7478700          	1927800          	85,2             	65116,8925       
Graphe154        	5409400          	1814700          	70,9             	50693,6540       
Graphe155        	6038700          	1956200          	82,3             	49593,9725       
Graphe156        	4728600          	1885900          	77,7             	36587,3737       
Graphe157        	8295800          	2019100          	75,5             	83131,6368       
Graphe158        	6718200          	2080500          	85,1             	54469,0597       
Graphe159        	6938800          	1937200          	77,9             	64209,9992       
Graphe160        	7077800          	1887000          	79,5             	65308,2945       
Graphe161        	5944700          	2072800          	86,3             	44862,0771       
Graphe162        	5295100          	1974800          	81,5             	40730,7353       
Graphe163        	6515000          	1858300          	79,4             	58666,5267       
Graphe164        	5253800          	1831200          	76,3             	44867,0615       
Graphe165        	4895400          	1916000          	84,6             	35203,0423       
Graphe166        	6138100          	2018600          	85,1             	48417,2380       
Graphe167        	7334600          	2098100          	78,9             	66394,2156       
Graphe168        	6004300          	2082700          	78,0             	50276,9231       
Graphe169        	5327200          	2146900          	82,6             	38487,7070       
Graphe170        	7627100          	2223200          	85,1             	63466,7668       
Graphe171        	7472700          	2782000          	90,5             	51829,2840       
Graphe172        	8061500          	2294600          	87,4             	65994,1204       
Graphe173        	7083500          	2365200          	87,1             	54162,1843       
Graphe174        	8284400          	2340900          	86,9             	68378,6116       
Graphe175        	7010700          	2213000          	90,3             	53134,3324       
Graphe176        	6547800          	2204900          	82,1             	52871,6367       
Graphe177        	7201700          	2321900          	85,4             	57172,6797       
Graphe178        	6327200          	2628000          	86,3             	42869,9459       
Graphe179        	7133700          	2435900          	85,0             	55246,6896       
Graphe180        	6146600          	2488700          	92,2             	39688,6729       
Graphe181        	7947100          	2738500          	95,6             	54498,2161       
Graphe182        	7707800          	2560800          	94,1             	54704,7135       
Graphe183        	7764700          	2463600          	97,2             	54565,3758       
Graphe184        	8727100          	3138900          	91,7             	60972,9102       
Graphe185        	7632900          	2462100          	90,2             	57340,9002       
Graphe186        	9103600          	2727500          	89,2             	71474,9747       
Graphe187        	8513200          	3001200          	93,7             	58846,9751       
Graphe188        	8301700          	2714000          	93,8             	59580,3917       
Graphe189        	12168900         	2568800          	95,0             	101075,9660      
Graphe190        	7522800          	3205800          	89,4             	48265,5331       
Graphe191        	7246600          	2718800          	96,0             	47167,1291       
Graphe192        	9264200          	2824900          	94,8             	67944,3163       
Graphe193        	6759400          	2654800          	94,3             	43525,8578       
Graphe194        	9548800          	3117200          	102,4            	62825,4971       
Graphe195        	9546900          	3002700          	100,2            	65312,7007       
Graphe196        	10286100         	4108600          	100,4            	61538,7905       
Graphe197        	14087900         	3035700          	98,4             	112356,9757      
Graphe198        	8927600          	3066900          	95,1             	61613,7511       
Graphe199        	9131600          	2897500          	101,3            	61547,9198       
Graphe200        	10565700         	2905800          	100,8            	76026,9163       
Graphe201        	8969600          	3332200          	101,4            	55615,1140       
Graphe202        	8755500          	2844300          	97,1             	60887,8970       
Graphe203        	11663200         	3213600          	111,7            	75660,3477       
Graphe204        	13722900         	3288500          	101,0            	103355,5994      
Graphe205        	10098600         	3357900          	103,3            	65226,4819       
Graphe206        	11924200         	3254000          	104,4            	83071,6109       
Graphe207        	13729900         	3250500          	113,7            	92179,9074       
Graphe208        	10919700         	3062000          	101,2            	77670,8402       
Graphe209        	11933100         	3372200          	110,9            	77184,5447       
Graphe210        	15223300         	3262100          	107,3            	111482,2123      
Graphe211        	12103800         	3273700          	105,5            	83673,4274       
Graphe212        	15133500         	3519100          	122,0            	95236,4779       
Graphe213        	11623700         	3612700          	109,3            	73304,6050       
Graphe214        	10237800         	3309000          	105,1            	65915,9128       
Graphe215        	13557500         	3728000          	112,0            	87727,2970       
Graphe216        	10795800         	3366200          	104,6            	71043,6354       
Graphe217        	12712000         	3510900          	102,7            	89553,3932       
Graphe218        	11109600         	3648300          	106,6            	69999,4030       
Graphe219        	13602000         	3646800          	104,9            	94901,4019       
Graphe220        	17771800         	3971300          	114,5            	120490,4629      
Graphe221        	12821400         	3944400          	110,5            	80320,1737       
Graphe222        	16315700         	4471800          	112,7            	105087,2851      
Graphe223        	13692200         	4115600          	114,8            	83442,4738       
Graphe224        	17948900         	4592500          	118,9            	112326,3648      
Graphe225        	13964000         	4155400          	111,9            	87676,7946       
Graphe226        	17096800         	4171700          	108,0            	119623,4138      
Graphe227        	15736600         	4338000          	120,1            	94912,3482       
Graphe228        	12332500         	4051800          	107,8            	76840,1920       
Graphe229        	14085100         	4016500          	107,6            	93614,2725       
Graphe230        	14580100         	4242200          	110,7            	93366,2722       
Graphe231        	15088200         	4066100          	116,0            	95018,1034       
Graphe232        	13986700         	4666700          	126,6            	73638,5737       
Graphe233        	19866500         	4936900          	119,2            	125234,9099      
Graphe234        	16918200         	4915700          	117,8            	101880,7323      
Graphe235        	13055000         	4290200          	107,7            	81371,7330       
Graphe236        	15576500         	4701400          	109,6            	99197,9841       
Graphe237        	18982700         	4503700          	114,2            	126762,1891      
Graphe238        	19009600         	4717100          	121,1            	118071,0450      
Graphe239        	18342600         	4718900          	125,2            	108794,5823      
Graphe240        	14202500         	4542100          	127,4            	75856,3484       
Graphe241        	15608000         	5562700          	115,8            	86772,8805       
Graphe242        	18969900         	4364200          	125,6            	116288,9382      
Graphe243        	15311700         	5094100          	113,8            	89766,2710       
Graphe244        	18703400         	4809300          	117,5            	118198,5891      
Graphe245        	16545100         	4553300          	127,6            	93986,1844       
Graphe246        	14422200         	4707100          	126,5            	76821,2480       
Graphe247        	16423900         	4529400          	124,9            	95260,0592       
Graphe248        	15271800         	4391000          	113,5            	95862,7009       
Graphe249        	16099500         	4624800          	121,4            	94527,2145       
Graphe250        	14800600         	4799300          	127,2            	78654,5455       
Graphe251        	15799400         	5147500          	123,6            	86179,8695       
Graphe252        	16240100         	4566400          	116,9            	99896,2267       
Graphe253        	16761700         	4759800          	121,6            	98696,6526       
Graphe254        	18252900         	5633300          	130,8            	96502,6018       
Graphe255        	15770100         	4962100          	129,5            	83485,7984       
Graphe256        	21995700         	4834100          	123,4            	139060,7035      
Graphe257        	19750400         	6468300          	134,7            	98605,8962       
Graphe258        	18038800         	4995600          	127,6            	102253,3394      
Graphe259        	16145500         	5150200          	132,4            	83030,2144       
Graphe260        	22739200         	5555800          	130,2            	132017,2072      
Graphe261        	21294200         	5771900          	133,6            	116204,0619      
Graphe262        	21581500         	5943600          	135,6            	115344,3675      
Graphe263        	21321900         	5672800          	126,4            	123802,4748      
Graphe264        	22163200         	7586600          	138,8            	105021,0076      
Graphe265        	21613500         	5884300          	131,1            	119950,1999      
Graphe266        	24722700         	5929300          	134,3            	139976,4104      
Graphe267        	15802100         	6023300          	134,3            	72802,4244       
Graphe268        	19146500         	5872400          	144,8            	91671,9613       
Graphe269        	17848800         	5591100          	137,4            	89219,9372       
Graphe270        	18005400         	5689000          	134,6            	91484,2240       
Graphe271        	19609200         	5447900          	131,0            	108080,3718      
Graphe272        	23753300         	5932100          	141,4            	126003,3752      
Graphe273        	18905600         	6546800          	142,4            	86800,4086       
Graphe274        	20645400         	5648900          	134,4            	111609,3838      
Graphe275        	22186100         	6139700          	143,6            	111755,5326      
Graphe276        	19525400         	6047400          	148,7            	90633,6083       
Graphe277        	25652700         	6142900          	145,6            	134010,3944      
Graphe278        	28676900         	6042500          	143,6            	157617,2499      
Graphe279        	19400900         	6101100          	143,9            	92430,5345       
Graphe280        	30986700         	6258600          	150,3            	164511,7533      
Graphe281        	21544200         	6425700          	139,0            	108766,1871      
Graphe282        	18848700         	6417700          	135,5            	91765,5438       
Graphe283        	19016300         	6039700          	141,4            	91804,1703       
Graphe284        	26624600         	6184900          	145,3            	140675,1101      
Graphe285        	24694600         	6562700          	155,8            	116378,2914      
Graphe286        	23510100         	6552400          	145,0            	116955,2565      
Graphe287        	22712600         	6724500          	147,5            	108369,7469      
Graphe288        	23418800         	6258100          	142,1            	120779,6088      
Graphe289        	20429100         	6377400          	144,9            	96942,7383       
Graphe290        	26052200         	6656200          	158,1            	122650,4970      
Graphe291        	20240000         	6387100          	143,3            	96651,9752       
Graphe292        	21352000         	6678900          	149,3            	98255,1281       
Graphe293        	29096700         	6761900          	150,4            	148529,4409      
Graphe294        	26200500         	6739200          	152,7            	127437,2232      
Graphe295        	21808000         	6759200          	151,7            	99189,8269       
Graphe296        	22715800         	7043000          	156,2            	100343,6330      
Graphe297        	21464900         	6730500          	147,9            	99615,2851       
Graphe298        	30932700         	7047600          	160,0            	149253,8899      
Graphe299        	27227400         	7120000          	158,8            	126620,3770      
Graphe300        	18391800         	6824500          	152,1            	76045,9891       
Graphe301        	22464500         	7529900          	152,5            	97943,4613       
Graphe302        	19253200         	7033600          	154,1            	79290,4674       
Graphe303        	22503700         	6984400          	149,0            	104160,9599      
Graphe304        	30928900         	7245900          	148,3            	159748,6609      
Graphe305        	31673300         	7375900          	160,5            	151430,2320      
Graphe306        	32076500         	7468700          	159,3            	154482,1328      
Graphe307        	23087300         	7252800          	154,2            	102674,7073      
Graphe308        	26835900         	7331900          	150,3            	129728,1524      
Graphe309        	26960000         	7428900          	153,6            	127133,2433      
Graphe310        	25091300         	7599300          	163,4            	107077,0680      
Graphe311        	24228600         	8520600          	147,5            	106475,3119      
Graphe312        	31470700         	8156900          	164,8            	141508,7992      
Graphe313        	27101100         	8250000          	149,6            	125985,9652      
Graphe314        	34515500         	7952700          	162,9            	163072,7721      
Graphe315        	26472300         	7693100          	160,8            	116805,7765      
Graphe316        	32741500         	7623400          	154,8            	162220,1060      
Graphe317        	30330200         	8007500          	168,7            	132300,4849      
Graphe318        	25617000         	8132900          	164,4            	106363,1041      
Graphe319        	28514200         	7977100          	152,7            	134525,2342      
Graphe320        	40363200         	8340100          	174,8            	183239,5323      
Graphe321        	26017900         	8046700          	166,0            	108248,1277      
Graphe322        	27721600         	8165000          	165,5            	118173,3788      
Graphe323        	29838600         	9289300          	171,8            	119639,6134      
Graphe324        	34398600         	8958800          	162,6            	156466,9610      
Graphe325        	37222800         	8815100          	158,6            	179064,2848      
Graphe326        	37670300         	8887500          	159,4            	180608,3257      
Graphe327        	27224100         	9242800          	156,2            	115105,5103      
Graphe328        	39377300         	9090300          	165,3            	183241,2364      
Graphe329        	39726800         	8237100          	162,7            	193496,7735      
Graphe330        	33478800         	8616300          	172,4            	144211,0137      
Graphe331        	32495600         	8811000          	169,2            	140008,7304      
Graphe332        	26406800         	8527200          	162,1            	110274,1515      
Graphe333        	46263000         	9476900          	169,1            	217546,2690      
Graphe334        	36405100         	9526000          	169,4            	158701,3706      
Graphe335        	36636200         	9652000          	169,3            	159412,3131      
Graphe336        	40902700         	8602000          	163,0            	198174,5948      
Graphe337        	47498200         	8870300          	168,6            	229107,3221      
Graphe338        	31928400         	8716800          	163,7            	141790,9772      
Graphe339        	35460100         	9318400          	180,9            	144537,0036      
Graphe340        	38970500         	10276400         	172,3            	166537,3893      
Graphe341        	34028600         	10271500         	182,9            	129909,2131      
Graphe342        	50274100         	10382100         	174,4            	228778,9540      
Graphe343        	48060300         	9397400          	170,4            	226921,9731      
Graphe344        	35548700         	9366600          	177,7            	147370,4121      
Graphe345        	34811600         	10536000         	176,9            	137241,8977      
Graphe346        	50268400         	10312900         	173,9            	229735,5429      
Graphe347        	34741400         	10695000         	175,9            	136700,7151      
Graphe348        	40637300         	10508600         	175,1            	172065,6768      
Graphe349        	38780100         	10156900         	173,4            	165063,3063      
Graphe350        	46744100         	9716200          	179,8            	205947,8376      
Graphe351        	36163300         	9588900          	175,6            	151305,0727      
Graphe352        	35929200         	9679700          	175,0            	149982,6167      
Graphe353        	39757600         	10668700         	178,4            	163090,4245      
Graphe354        	40869300         	10910600         	176,6            	169629,6911      
Graphe355        	46513400         	11031700         	174,1            	203786,5906      
Graphe356        	32401900         	10695400         	169,9            	127746,1656      
Graphe357        	48146000         	10027900         	177,9            	214280,7601      
Graphe358        	39877100         	11241000         	179,3            	159740,2380      
Graphe359        	35601000         	10211100         	181,0            	140245,6415      
Graphe360        	55201300         	10388800         	183,9            	243659,5972      
Graphe361        	34953800         	11653400         	183,8            	126752,1647      
Graphe362        	35274200         	11176400         	180,8            	133288,7477      
Graphe363        	28151600         	10524700         	183,9            	95866,8867       
Graphe364        	44257000         	10180600         	182,9            	186273,8018      
Graphe365        	37988900         	10306100         	177,7            	155771,7238      
Graphe366        	41700900         	10615700         	182,9            	169935,1358      
Graphe367        	41402900         	11135100         	173,3            	174695,6689      
Graphe368        	41345600         	10992600         	184,9            	164199,8070      
Graphe369        	44380300         	10774700         	183,4            	183224,2542      
Graphe370        	39540000         	10823000         	181,8            	157988,7306      
Graphe371        	42650200         	11360600         	186,3            	167986,3665      
Graphe372        	45676700         	10842300         	184,5            	188809,8086      
Graphe373        	49096500         	11733100         	189,0            	197673,2128      
Graphe374        	36204400         	13519400         	187,7            	120854,6694      
Graphe375        	47294200         	11174300         	183,3            	197076,5645      
Graphe376        	41967000         	11003000         	181,7            	170411,7758      
Graphe377        	50265200         	11430700         	191,8            	202491,2019      
Graphe378        	41607400         	11254300         	181,5            	167246,8354      
Graphe379        	42246900         	11361100         	188,1            	164187,6045      
Graphe380        	48973200         	11274400         	187,0            	201578,1078      
Graphe381        	53789000         	11403500         	180,3            	235028,3983      
Graphe382        	52380300         	11634600         	192,9            	211228,7716      
Graphe383        	37096100         	11435300         	185,4            	138442,6788      
Graphe384        	58067300         	12234700         	212,5            	215640,7601      
Graphe385        	54767100         	13265900         	191,8            	216326,7658      
Graphe386        	53403000         	12261300         	195,9            	209986,7086      
Graphe387        	41564300         	12305900         	200,4            	145997,3780      
Graphe388        	46583700         	13697100         	197,1            	166856,7005      
Graphe389        	45465100         	11785900         	185,4            	181622,8839      
Graphe390        	42106700         	12369100         	201,0            	147946,3810      
Graphe391        	39259400         	12142600         	191,2            	141797,0940      
Graphe392        	47244200         	12383400         	195,7            	178138,0369      
Graphe393        	49806900         	13150900         	198,1            	185065,0579      
Graphe394        	47046000         	12287900         	195,9            	177433,2586      
Graphe395        	48305600         	12509800         	194,9            	183667,8505      
Graphe396        	50420800         	13185900         	200,3            	185887,2621      
Graphe397        	50522400         	13132100         	204,5            	182814,1276      
Graphe398        	62194800         	12826500         	200,3            	246413,3568      
Graphe399        	64189400         	14595300         	204,2            	242853,0236      
Graphe400        	57681800         	17746000         	205,7            	194135,0440      
Graphe401        	59736900         	13025400         	203,6            	229483,1771      
Graphe402        	49881900         	13110000         	203,5            	180677,5185      
Graphe403        	50848900         	13147100         	197,2            	191187,9922      
Graphe404        	55122600         	13590200         	206,3            	201353,5823      
Graphe405        	44570400         	13510700         	198,7            	156312,4184      
Graphe406        	56931300         	13297200         	197,9            	220505,2616      
Graphe407        	74442900         	14377700         	216,8            	277116,6349      
Graphe408        	66394900         	15151300         	210,7            	243203,6394      
Graphe409        	66430100         	18256900         	202,0            	238475,4432      
Graphe410        	49689300         	14329700         	204,8            	172626,8820      
Graphe411        	52103700         	16844600         	196,9            	179088,0596      
Graphe412        	54894500         	14189300         	215,2            	189145,8870      
Graphe413        	65441400         	14313500         	216,4            	236268,3425      
Graphe414        	55528500         	13820200         	207,6            	200943,3303      
Graphe415        	65102500         	15081200         	208,5            	239853,7584      
Graphe416        	68599000         	14035700         	203,6            	268048,6960      
Graphe417        	60979000         	14334100         	207,4            	224927,9338      
Graphe418        	56201600         	15777700         	212,7            	190072,5225      
Graphe419        	70204500         	14317900         	209,3            	266993,3911      
Graphe420        	60944500         	15515300         	204,9            	221739,1381      
Graphe421        	78868100         	14989000         	218,1            	292947,1508      
Graphe422        	48750600         	14693300         	214,6            	158707,2351      
Graphe423        	55378900         	14751000         	211,0            	192527,8196      
Graphe424        	65420000         	14927800         	215,7            	234073,0763      
Graphe425        	57768200         	15089700         	219,6            	194386,3413      
Graphe426        	55139000         	14649000         	205,1            	197440,1859      
Graphe427        	59231200         	15450000         	217,1            	201670,0289      
Graphe428        	56317900         	14805500         	218,0            	190411,6656      
Graphe429        	58717300         	15190700         	213,8            	203549,8090      
Graphe430        	50215900         	15295800         	202,3            	172581,0619      
Graphe431        	77162500         	15998200         	224,5            	272400,5338      
Graphe432        	69258500         	15590300         	216,3            	248175,3252      
Graphe433        	51658400         	15386000         	218,7            	165892,0863      
Graphe434        	66879400         	15375700         	218,1            	236096,5304      
Graphe435        	51910100         	14864800         	214,7            	172531,4246      
Graphe436        	86670100         	15843800         	226,5            	312746,1832      
Graphe437        	50829700         	15436500         	217,5            	162733,3215      
Graphe438        	70182200         	16132800         	227,4            	237729,4001      
Graphe439        	58301000         	15293500         	210,5            	204279,2557      
Graphe440        	51454600         	15578200         	214,3            	167407,7975      
Graphe441        	75276000         	17286800         	224,8            	257980,8351      
Graphe442        	59115800         	15958100         	210,9            	204597,8282      
Graphe443        	59622700         	15779000         	218,1            	200993,5768      
Graphe444        	59791200         	15788800         	218,1            	201717,2412      
Graphe445        	61540700         	16177300         	224,8            	201815,7731      
Graphe446        	80022400         	16460600         	226,5            	280673,0708      
Graphe447        	63332400         	16386000         	225,1            	208603,1747      
Graphe448        	60365400         	16106200         	215,9            	204969,0745      
Graphe449        	67404100         	17117500         	225,1            	223385,9306      
Graphe450        	70330000         	21143400         	232,9            	211203,5643      
Graphe451        	60142600         	16981300         	230,4            	187346,7503      
Graphe452        	68572300         	18409700         	225,4            	222548,3759      
Graphe453        	87056700         	17185800         	235,8            	296272,8277      
Graphe454        	61420800         	16352000         	218,0            	206737,6147      
Graphe455        	76131500         	17886200         	223,2            	260902,9542      
Graphe456        	72648600         	16904200         	227,9            	244581,9861      
Graphe457        	77374800         	17282300         	239,7            	250678,9677      
Graphe458        	82057600         	16810100         	218,0            	299261,6633      
Graphe459        	75508500         	19719000         	238,7            	233685,5067      
Graphe460        	74178600         	19255600         	234,1            	234585,6500      
Graphe461        	70028600         	18612600         	240,2            	214096,5366      
Graphe462        	88840100         	17782500         	235,6            	301540,3774      
Graphe463        	68027100         	19787100         	233,4            	206719,9941      
Graphe464        	76147500         	17692800         	227,9            	256467,1619      
Graphe465        	81072700         	19127300         	235,7            	262852,5641      
Graphe466        	69422100         	18097300         	234,6            	218811,2630      
Graphe467        	80549600         	18243800         	240,8            	258736,3108      
Graphe468        	67957400         	17876100         	234,5            	213527,5638      
Graphe469        	76222800         	17640600         	226,5            	258654,3946      
Graphe470        	77256600         	18359800         	234,3            	251402,0963      
Graphe471        	75459700         	19312700         	244,9            	229238,6859      
Graphe472        	74894900         	21595200         	249,7            	213458,1922      
Graphe473        	72638600         	19592800         	243,1            	218197,1735      
Graphe474        	73967200         	19018100         	245,4            	223917,2297      
Graphe475        	71176500         	18406000         	233,7            	225763,7428      
Graphe476        	81214700         	18258000         	235,2            	267662,5687      
Graphe477        	80742400         	18360800         	232,5            	268354,9449      
Graphe478        	65929600         	17791500         	215,5            	223398,0915      
Graphe479        	75216200         	19557500         	246,7            	225578,1018      
Graphe480        	86019700         	19452100         	240,6            	276685,7232      
Graphe481        	71880600         	18902500         	236,1            	224347,6709      
Graphe482        	73048800         	19221000         	239,8            	224502,8282      
Graphe483        	75144900         	19058700         	244,1            	229791,5709      
Graphe484        	84858300         	19576200         	240,7            	271236,7113      
Graphe485        	89715900         	19869900         	244,7            	285394,2745      
Graphe486        	79457800         	20319700         	248,9            	237586,4854      
Graphe487        	74508100         	22793100         	237,8            	217433,7733      
Graphe488        	100942300        	19988600         	249,6            	324389,4327      
Graphe489        	79035500         	21815500         	253,3            	225858,7369      
Graphe490        	72405100         	22148700         	244,5            	205535,6880      
Graphe491        	77576000         	20021000         	245,0            	234939,7635      
Graphe492        	95492000         	19719000         	239,9            	315819,3937      
Graphe493        	102966800        	22543000         	260,4            	308897,4836      
Graphe494        	81910900         	20704800         	253,2            	241703,6934      
Graphe495        	86356600         	19825200         	243,7            	273054,7066      
Graphe496        	77789800         	28220600         	242,7            	204216,2956      
Graphe497        	78400900         	20367800         	244,5            	237368,7839      
Graphe498        	85253100         	20091800         	235,1            	277180,6913      
Graphe499        	74698600         	19935600         	236,4            	231678,2325      
Graphe500        	81691600         	20764600         	247,7            	245991,5068      
Graphe501        	93328300         	21523300         	251,4            	285591,6168      
Graphe502        	92813700         	20855400         	249,1            	288855,6573      
Graphe503        	105674300        	21778800         	257,5            	325856,6314      
Graphe504        	85687300         	21525200         	258,6            	248074,6271      
Graphe505        	83122200         	21405300         	251,2            	245725,7266      
Graphe506        	69649800         	20784100         	249,4            	195965,8304      
Graphe507        	86107700         	21905300         	257,6            	249193,7684      
Graphe508        	92187000         	20872800         	244,1            	292158,6177      
Graphe509        	75271800         	22052200         	247,2            	215291,6892      
Graphe510        	82856900         	21546800         	250,5            	244743,2652      
Graphe511        	89170700         	22594000         	265,1            	251171,8594      
Graphe512        	84960100         	21884300         	266,5            	236718,4667      
Graphe513        	86345000         	22787000         	256,9            	247449,4818      
Graphe514        	83289000         	21642100         	250,1            	246451,9559      
Graphe515        	105531700        	25106700         	265,4            	302997,3839      
Graphe516        	94026400         	22348300         	256,8            	279077,1089      
Graphe517        	87941100         	21853400         	254,1            	260045,7649      
Graphe518        	76775100         	23702100         	255,3            	207891,1052      
Graphe519        	85816600         	25459800         	271,0            	222745,6387      
Graphe520        	77756800         	22692300         	260,0            	211791,2200      
Graphe521        	119718700        	23413100         	268,2            	359110,9806      
Graphe522        	112506500        	25611800         	259,5            	334824,7871      
Graphe523        	80098600         	22594900         	256,5            	224183,4677      
Graphe524        	102449800        	23416100         	259,9            	304111,4141      
Graphe525        	88498000         	22888800         	262,0            	250454,8862      
Graphe526        	117562300        	23689900         	268,4            	349736,2913      
Graphe527        	133197200        	24158100         	269,4            	404738,3024      
Graphe528        	88379600         	25150900         	263,6            	239823,1699      
Graphe529        	77546900         	23705900         	264,3            	203720,8363      
Graphe530        	86982600         	23590700         	250,9            	252608,4476      
Graphe531        	117193300        	24271400         	261,0            	356073,7974      
Graphe532        	116622600        	23550600         	258,3            	360354,4638      
Graphe533        	104952500        	23859800         	271,8            	298366,6158      
Graphe534        	115424800        	23977900         	246,9            	370412,2243      
Graphe535        	108406000        	26204800         	264,1            	311247,4310      
Graphe536        	98103000         	25284600         	273,4            	266371,3450      
Graphe537        	100474600        	25245000         	272,3            	276255,3100      
Graphe538        	117781800        	23822500         	262,2            	358415,5494      
Graphe539        	113063200        	24880900         	270,5            	326031,9446      
Graphe540        	97032800         	25564000         	266,2            	268450,6712      
Graphe541        	112428000        	25327500         	280,2            	310897,3581      
Graphe542        	127280500        	24894200         	272,6            	375653,5186      
Graphe543        	122003400        	26933700         	271,1            	350618,4123      
Graphe544        	104003100        	25973700         	278,9            	279728,5211      
Graphe545        	85292800         	25557600         	275,8            	216586,8226      
Graphe546        	113988600        	25416000         	271,3            	326431,7166      
Graphe547        	100730500        	26373100         	275,1            	270331,4566      
Graphe548        	150699100        	27962600         	278,0            	441469,3284      
Graphe549        	115510500        	25400600         	271,7            	331664,8179      
Graphe550        	119619100        	26084600         	279,9            	334123,1241      
Graphe551        	106239600        	26718500         	289,3            	274915,2489      
Graphe552        	111262200        	24722300         	267,9            	322975,3345      
Graphe553        	135707500        	26709100         	288,2            	378163,8328      
Graphe554        	101553800        	26250600         	271,5            	277367,2024      
Graphe555        	99792400         	25801800         	269,1            	274980,9121      
Graphe556        	119223300        	26480800         	280,9            	330177,1461      
Graphe557        	112489900        	26472300         	277,6            	309882,4397      
Graphe558        	104726300        	28044100         	276,6            	277224,2221      
Graphe559        	120117800        	26504800         	277,4            	337436,2643      
Graphe560        	113926500        	27440300         	268,4            	322219,7912      
Graphe561        	105232200        	25845600         	275,3            	288326,5757      
Graphe562        	118269700        	27096200         	280,6            	324909,8285      
Graphe563        	115950000        	26531800         	271,1            	329850,8984      
Graphe564        	122740800        	27418900         	280,5            	339802,8367      
Graphe565        	154304800        	27689000         	283,9            	445913,3567      
Graphe566        	129789200        	28803000         	287,1            	351719,4199      
Graphe567        	123988900        	30502100         	287,0            	325708,0616      
Graphe568        	104696700        	27698600         	277,8            	277195,4943      
Graphe569        	97602100         	28866300         	303,5            	226446,3934      
Graphe570        	109931700        	28280800         	298,4            	273673,5956      
Graphe571        	133359800        	29090000         	291,4            	357809,0383      
Graphe572        	107341300        	27391600         	284,3            	281214,5904      
Graphe573        	142979600        	28576000         	287,4            	398068,8399      
Graphe574        	112940800        	28145900         	290,4            	291995,9012      
Graphe575        	124044300        	27463500         	278,4            	346963,0393      
Graphe576        	125670400        	28650600         	295,7            	328157,0427      
Graphe577        	125972900        	28276200         	290,5            	336338,3297      
Graphe578        	108494400        	27982500         	282,4            	285077,9102      
Graphe579        	120374200        	27699200         	280,4            	330492,5393      
Graphe580        	131375900        	29373800         	284,7            	358271,4573      
Graphe581        	137505400        	29610200         	304,1            	354778,2969      
Graphe582        	144818000        	28333900         	283,1            	411495,0422      
Graphe583        	115691000        	29282500         	303,4            	284787,7570      
Graphe584        	141176600        	29360500         	295,2            	378768,1270      
Graphe585        	110444600        	28965000         	285,0            	285850,6168      
Graphe586        	127288100        	28645900         	283,9            	347398,2607      
Graphe587        	92781000         	28422100         	286,2            	224904,2836      
Graphe588        	120152100        	30032800         	295,7            	304799,1734      
Graphe589        	150519100        	29760100         	296,5            	407233,9774      
Graphe590        	135702000        	29910300         	299,3            	353448,9873      
Graphe591        	168002500        	29127300         	289,7            	479337,1221      
Graphe592        	114153700        	30273600         	292,4            	286893,4151      
Graphe593        	155115900        	30351600         	304,2            	410175,3120      
Graphe594        	101371000        	32378300         	285,6            	241553,4818      
Graphe595        	163325100        	33080100         	302,3            	430816,0467      
Graphe596        	149975300        	33379600         	298,5            	390616,3016      
Graphe597        	139646100        	30698100         	300,4            	362730,0529      
Graphe598        	127969200        	30544400         	298,8            	326004,4505      
Graphe599        	118806100        	30490800         	299,4            	295020,8453      
Graphe600        	139878800        	33595900         	296,9            	357956,9874      
Graphe601        	151712400        	30701600         	293,4            	412420,2363      
Graphe602        	143183600        	34695000         	304,3            	356476,2859      
Graphe603        	132687500        	30684900         	290,8            	350737,5645      
Graphe604        	146903300        	30952400         	292,2            	396847,6706      
Graphe605        	139543500        	34897000         	309,6            	338007,6493      
Graphe606        	125262200        	32034900         	293,1            	318099,7722      
Graphe607        	160260600        	31846800         	309,9            	414424,6533      
Graphe608        	127679000        	34202600         	291,0            	321255,5087      
Graphe609        	130604600        	33549100         	287,7            	337370,2055      
Graphe610        	145188000        	33309300         	303,4            	368689,8697      
Graphe611        	175389600        	31425700         	299,7            	480284,4741      
Graphe612        	135407600        	33028000         	320,3            	319627,1643      
Graphe613        	147231700        	32276500         	309,2            	371724,0204      
Graphe614        	166801400        	34548000         	302,1            	437826,3186      
Graphe615        	148479600        	32064100         	295,9            	393399,0027      
Graphe616        	132127400        	32972900         	313,1            	316640,2152      
Graphe617        	131998900        	33390500         	316,3            	311766,5967      
Graphe618        	126807100        	32709500         	314,3            	299398,6010      
Graphe619        	149729500        	33045400         	309,5            	376976,0379      
Graphe620        	148593700        	33025800         	306,3            	377355,6569      
Graphe621        	168666800        	33724400         	310,5            	434551,0498      
Graphe622        	137076500        	33521400         	305,8            	338608,6535      
Graphe623        	175026300        	34338800         	315,8            	445454,9427      
Graphe624        	134669100        	36816300         	313,7            	311921,9317      
Graphe625        	142283300        	33534200         	320,1            	339768,1204      
Graphe626        	176714100        	36588900         	323,8            	432795,7349      
Graphe627        	153186400        	37048500         	311,4            	372941,8926      
Graphe628        	145943000        	33394900         	304,6            	369492,8217      
Graphe629        	150457700        	33183100         	312,0            	375883,9468      
Graphe630        	159140100        	34029300         	309,8            	403842,9451      
Graphe631        	123052000        	38709400         	307,3            	274487,2383      
Graphe632        	118739800        	35286600         	323,7            	257810,0670      
Graphe633        	187459500        	37852800         	326,5            	458196,9012      
Graphe634        	142788400        	34795500         	317,1            	340529,7299      
Graphe635        	137847700        	35582300         	323,8            	315785,4263      
Graphe636        	144268600        	39195500         	331,6            	316899,6629      
Graphe637        	180962000        	35734200         	323,7            	448660,8628      
Graphe638        	199329500        	35862600         	324,4            	503902,9367      
Graphe639        	181478400        	35718600         	316,2            	460919,3115      
Graphe640        	163034100        	35955600         	325,2            	390774,7873      
Graphe641        	142413000        	36601600         	322,0            	328578,2666      
Graphe642        	140203200        	35481400         	320,3            	326914,5602      
Graphe643        	157688400        	37055000         	321,7            	375013,4614      
Graphe644        	176167900        	39230000         	319,0            	429309,9128      
Graphe645        	193531700        	35593000         	318,6            	495751,7751      
Graphe646        	140100400        	36376100         	314,2            	330161,7884      
Graphe647        	173528000        	37289800         	337,0            	404324,9641      
Graphe648        	192988000        	37407600         	337,5            	461014,6883      
Graphe649        	148620000        	36640400         	326,0            	343519,9853      
Graphe650        	165254900        	36678100         	321,8            	399556,1457      
Graphe651        	128282400        	43603100         	328,5            	257795,4763      
Graphe652        	153986800        	43311500         	330,1            	335236,7918      
Graphe653        	145017600        	36856500         	329,8            	328006,7434      
Graphe654        	166180900        	37108400         	326,2            	395631,9154      
Graphe655        	180327400        	36556900         	315,9            	455136,5474      
Graphe656        	199076800        	36345300         	322,9            	503943,1050      
Graphe657        	230281100        	37323000         	324,5            	594722,4346      
Graphe658        	200084700        	40297500         	320,0            	499370,4667      
Graphe659        	191529100        	37306100         	330,7            	466401,6242      
Graphe660        	218285700        	38306600         	334,3            	538423,6950      
Graphe661        	152831000        	38380600         	332,9            	343816,3633      
Graphe662        	174759800        	39222300         	343,3            	394846,2021      
Graphe663        	215814100        	38381000         	335,3            	529159,3559      
Graphe664        	175164400        	38375800         	334,0            	409531,9781      
Graphe665        	194315400        	40119000         	329,2            	468340,5910      
Graphe666        	250361100        	41376700         	325,2            	642638,1896      
Graphe667        	185289900        	44297300         	340,7            	413799,9763      
Graphe668        	179507500        	39197600         	336,1            	417496,2606      
Graphe669        	162136500        	42361900         	333,0            	359635,1980      
Graphe670        	186338200        	47515400         	337,0            	411917,0840      
Graphe671        	186297000        	39806800         	335,4            	436824,9854      
Graphe672        	180048400        	39578400         	337,7            	415960,5465      
Graphe673        	154289300        	41726000         	338,2            	332826,1998      
Graphe674        	154647400        	38842300         	337,4            	343260,1260      
Graphe675        	178250500        	39925100         	336,7            	410787,0219      
Graphe676        	188434400        	41158300         	354,5            	415430,1064      
Graphe677        	199531000        	38589300         	332,6            	483933,3716      
Graphe678        	179873300        	40886800         	337,3            	412052,4402      
Graphe679        	159785100        	40781000         	339,2            	350833,3063      
Graphe680        	184235000        	39805100         	344,8            	418908,0106      
Graphe681        	232428200        	40660700         	342,9            	559210,6606      
Graphe682        	242992400        	41527000         	353,8            	569402,8957      
Graphe683        	183584500        	40411100         	346,4            	413368,6498      
Graphe684        	207036400        	45085500         	343,9            	470935,1761      
Graphe685        	210547800        	42591300         	344,3            	487822,4835      
Graphe686        	186949300        	41604500         	350,1            	415158,7919      
Graphe687        	217519000        	41226000         	329,1            	535738,6317      
Graphe688        	192188100        	44068800         	350,6            	422480,7449      
Graphe689        	192997000        	47891700         	346,2            	419132,2982      
Graphe690        	184180100        	54212100         	344,5            	377249,7777      
Graphe691        	176435900        	42860000         	354,2            	377154,7140      
Graphe692        	218337300        	42173700         	358,7            	491169,6888      
Graphe693        	189888000        	42340100         	339,6            	434505,0147      
Graphe694        	172380900        	42125300         	346,8            	375645,4514      
Graphe695        	183011900        	41378500         	336,4            	421015,6211      
Graphe696        	169507200        	42545900         	348,0            	364799,7835      
Graphe697        	197168700        	42527600         	349,8            	442099,1603      
Graphe698        	183972000        	42408300         	335,6            	421824,5012      
Graphe699        	233702700        	43391000         	355,8            	534904,9409      
Graphe700        	170939900        	43123000         	352,6            	362450,2694      
Graphe701        	188428400        	42030300         	343,1            	426644,9898      
Graphe702        	236720000        	46068000         	343,5            	555004,7057      
Graphe703        	222000100        	62350400         	358,7            	445121,7418      
Graphe704        	248089100        	48999100         	360,1            	552868,9824      
Graphe705        	174007000        	44194900         	344,6            	376730,3109      
Graphe706        	179959600        	43898400         	366,8            	370961,6821      
Graphe707        	219561900        	43416400         	347,0            	507611,5397      
Graphe708        	149094900        	44362500         	347,8            	301090,4365      
Graphe709        	241640100        	42931600         	349,7            	568206,6541      
Graphe710        	176309600        	43148400         	342,1            	389222,7694      
Graphe711        	225476100        	44451300         	352,8            	513166,7809      
Graphe712        	262818500        	45514400         	383,9            	565980,7299      
Graphe713        	179681700        	45352300         	363,3            	369745,7317      
Graphe714        	229396000        	45141100         	354,0            	520455,0538      
Graphe715        	211890500        	45595700         	363,2            	457802,8221      
Graphe716        	183597000        	45845700         	368,1            	374174,0756      
Graphe717        	223391100        	48356600         	365,8            	478530,9268      
Graphe718        	222228800        	47252400         	349,1            	501193,5107      
Graphe719        	208679300        	45629700         	366,2            	445284,8459      
Graphe720        	201117800        	45015800         	361,2            	432178,3998      
Graphe721        	238639800        	46231100         	371,5            	517936,3564      
Graphe722        	206946900        	45066300         	359,0            	450889,6658      
Graphe723        	214456600        	46809300         	368,0            	455583,8062      
Graphe724        	239556500        	50332600         	364,0            	519790,8049      
Graphe725        	231262800        	46068000         	357,8            	517552,4796      
Graphe726        	264330700        	48039300         	359,7            	601284,3600      
Graphe727        	197765200        	48130900         	360,2            	415430,8025      
Graphe728        	204817500        	46284900         	358,6            	442036,9049      
Graphe729        	242423600        	47298200         	370,4            	526853,6433      
Graphe730        	180971900        	46780500         	368,5            	364181,4187      
Graphe731        	221708000        	48929600         	377,7            	457505,1196      
Graphe732        	253650100        	56135500         	376,1            	525150,6580      
Graphe733        	189143600        	48039400         	358,0            	394114,3564      
Graphe734        	260790800        	48140300         	378,9            	561264,2028      
Graphe735        	224516400        	50973600         	356,2            	487208,6623      
Graphe736        	247225000        	49964800         	353,0            	558885,8511      
Graphe737        	216403200        	47594900         	364,0            	463759,0659      
Graphe738        	185561000        	48017300         	367,4            	374413,1325      
Graphe739        	250784800        	52192100         	368,4            	539064,9729      
Graphe740        	239201200        	51322600         	363,8            	516452,1217      
Graphe741        	253488200        	50798500         	377,7            	536674,7457      
Graphe742        	199345300        	50421900         	373,6            	398589,1315      
Graphe743        	217378500        	47747100         	369,7            	458791,1295      
Graphe744        	227893800        	49954100         	383,4            	464115,3241      
Graphe745        	186775200        	48582100         	362,3            	381461,1212      
Graphe746        	203736500        	50132500         	378,3            	405996,5017      
Graphe747        	222895300        	50007300         	374,0            	462250,8781      
Graphe748        	246760200        	53092900         	363,9            	532158,2841      
Graphe749        	234597800        	53211100         	381,7            	475153,9532      
Graphe750        	220790200        	49816600         	364,1            	469579,0302      
Graphe751        	234778100        	55063200         	384,2            	467735,7932      
Graphe752        	259933000        	52306200         	387,0            	536486,8122      
Graphe753        	214041800        	48532800         	363,9            	454882,0926      
Graphe754        	199995200        	50336700         	376,8            	397142,1461      
Graphe755        	254650900        	50795800         	378,6            	538416,7287      
Graphe756        	239531900        	52263800         	396,3            	472535,5937      
Graphe757        	238144900        	51003600         	371,4            	503921,1221      
Graphe758        	203855500        	53125400         	376,6            	400237,8475      
Graphe759        	208065000        	50957600         	382,6            	410647,3067      
Graphe760        	259157400        	50560600         	380,7            	547858,5935      
Graphe761        	204299500        	51283900         	375,4            	407625,6046      
Graphe762        	262361100        	50536600         	379,0            	558880,5324      
Graphe763        	201347800        	51195500         	376,2            	399128,9208      
Graphe764        	268479000        	52705900         	392,1            	550344,4422      
Graphe765        	212923700        	53319900         	397,9            	401094,7219      
Graphe766        	269132200        	55544300         	390,2            	547319,5728      
Graphe767        	204312000        	51547200         	386,4            	395336,2090      
Graphe768        	278302600        	53648100         	401,5            	559471,0245      
Graphe769        	264900000        	51002200         	375,8            	569112,7071      
Graphe770        	249819800        	53933700         	404,4            	484374,2708      
Graphe771        	298561400        	58086700         	374,3            	642458,2515      
Graphe772        	211674700        	53242400         	383,1            	413583,2289      
Graphe773        	209711000        	52860000         	379,5            	413318,7524      
Graphe774        	210745100        	86347200         	386,2            	322147,4447      
Graphe775        	300991100        	55160100         	383,4            	641212,1488      
Graphe776        	321187100        	56736400         	400,7            	659962,4846      
Graphe777        	243422200        	54062300         	380,1            	498228,0057      
Graphe778        	309029000        	55593700         	400,2            	633320,3068      
Graphe779        	254130100        	85019200         	396,4            	426604,9506      
Graphe780        	279134300        	53759000         	392,2            	574652,0483      
Graphe781        	271367500        	54773300         	386,8            	559963,2133      
Graphe782        	330545400        	54473700         	387,7            	711990,7787      
Graphe783        	213171200        	53277900         	391,9            	407945,4253      
Graphe784        	246059600        	53883800         	385,1            	499035,8883      
Graphe785        	276863200        	55550900         	398,5            	555342,9989      
Graphe786        	223320300        	56691800         	399,7            	416874,1186      
Graphe787        	295664500        	54710800         	397,4            	606318,7902      
Graphe788        	255503000        	56860900         	395,8            	501846,0473      
Graphe789        	244330000        	56101600         	383,8            	490373,4710      
Graphe790        	296624300        	60696600         	408,7            	577296,5793      
Graphe791        	258576300        	54505400         	392,4            	520095,4639      
Graphe792        	222169300        	56802900         	385,8            	428643,9264      
Graphe793        	270020200        	58609400         	404,1            	523214,2366      
Graphe794        	227992700        	55872400         	389,2            	442282,9508      
Graphe795        	315107000        	62998400         	404,7            	622947,7603      
Graphe796        	368698500        	62691900         	396,6            	771503,7053      
Graphe797        	261219000        	57011200         	391,0            	522270,5882      
Graphe798        	290417300        	57335700         	404,2            	576715,1734      
Graphe799        	324086600        	57001000         	395,8            	674835,1537      
Graphe800        	309120500        	61411400         	406,5            	609364,8723      
Graphe801        	291296500        	63018100         	400,8            	569552,2851      
Graphe802        	298526000        	58771200         	415,8            	576547,4044      
Graphe803        	254728000        	62287400         	394,7            	487620,7778      
Graphe804        	279179500        	61107800         	394,4            	552901,6952      
Graphe805        	262832600        	64381300         	406,7            	487963,7756      
Graphe806        	284058000        	57656600         	401,0            	564612,9310      
Graphe807        	280128600        	64112000         	410,2            	526647,4683      
Graphe808        	320209500        	62567000         	408,4            	630873,4840      
Graphe809        	273462900        	59175700         	409,5            	523298,5321      
Graphe810        	272625700        	59716100         	408,4            	521286,5381      
Graphe811        	338547600        	59990200         	410,9            	677854,6343      
Graphe812        	314644800        	72194400         	409,9            	591420,4114      
Graphe813        	294592700        	72866500         	412,8            	537189,6948      
Graphe814        	296729100        	67244700         	400,2            	573470,2971      
Graphe815        	316237100        	64559700         	399,3            	630287,0519      
Graphe816        	278958200        	59047600         	408,8            	537905,4270      
Graphe817        	348259000        	60203600         	411,8            	699569,9477      
Graphe818        	248756600        	61238300         	414,8            	452109,0660      
Graphe819        	304665900        	60305600         	397,7            	614463,2899      
Graphe820        	269344200        	59649100         	401,9            	521700,6474      
Graphe821        	279006300        	61247100         	415,0            	524759,3746      
Graphe822        	290423900        	66230900         	416,9            	537762,9925      
Graphe823        	256286200        	63678000         	404,7            	475894,8461      
Graphe824        	289792500        	60458900         	408,6            	561221,2022      
Graphe825        	270650700        	60562400         	402,0            	522667,4531      
Graphe826        	324374200        	62570700         	420,1            	623207,2621      
Graphe827        	233759600        	60665800         	396,4            	436650,6612      
Graphe828        	273850900        	67403000         	424,1            	486826,5739      
Graphe829        	245262800        	65507200         	408,3            	440215,2013      
Graphe830        	280245600        	67081400         	404,0            	527579,2232      
Graphe831        	250248000        	63138100         	413,0            	453057,1899      
Graphe832        	254274900        	67431300         	424,2            	440423,5073      
Graphe833        	246734400        	62926300         	410,4            	447904,2424      
Graphe834        	288544200        	62579200         	416,6            	542372,5728      
Graphe835        	430568200        	63588200         	416,0            	882069,7300      
Graphe836        	282559000        	62227900         	417,5            	527760,2802      
Graphe837        	287882500        	63233800         	411,1            	546519,1905      
Graphe838        	293924600        	62880600         	423,5            	545497,1050      
Graphe839        	301239900        	65063600         	435,3            	542521,7578      
Graphe840        	292106100        	66090500         	415,9            	543457,2291      
Graphe841        	290993000        	63731400         	412,5            	550884,1416      
Graphe842        	291867400        	63558000         	419,1            	544781,7928      
Graphe843        	260164100        	64899100         	426,6            	457770,8495      
Graphe844        	346965200        	72182200         	436,6            	629425,6859      
Graphe845        	288279000        	71772100         	406,1            	533097,7008      
Graphe846        	268338800        	68068400         	438,2            	457042,7043      
Graphe847        	258179400        	65205400         	426,6            	452357,7392      
Graphe848        	301129000        	67167600         	422,0            	554361,4453      
Graphe849        	314752400        	68010800         	443,6            	556285,2560      
Graphe850        	317903400        	70040300         	432,3            	573401,9778      
Graphe851        	304742100        	65715900         	429,5            	556545,5485      
Graphe852        	367761600        	67460800         	436,2            	688508,1244      
Graphe853        	350458500        	72499100         	419,9            	661953,7214      
Graphe854        	327189300        	66836600         	435,4            	597932,2635      
Graphe855        	271209400        	72766200         	434,7            	456469,2147      
Graphe856        	265452300        	66278900         	424,7            	468931,3529      
Graphe857        	301846600        	65139400         	425,7            	556039,6983      
Graphe858        	322764500        	67773200         	439,4            	580330,8449      
Graphe859        	376631400        	65412800         	430,7            	722563,9138      
Graphe860        	342838300        	65677100         	414,7            	668330,9819      
Graphe861        	390832700        	71057800         	449,2            	711833,4792      
Graphe862        	312658500        	68217700         	438,9            	556996,3188      
Graphe863        	373597500        	67521800         	435,0            	703594,2504      
Graphe864        	349377800        	66716900         	430,6            	656421,9481      
Graphe865        	340689600        	67369200         	420,0            	650818,2627      
Graphe866        	312299000        	67263200         	438,2            	559146,8496      
Graphe867        	284523900        	69934100         	451,4            	475380,6955      
Graphe868        	334193100        	66092400         	422,6            	634428,4211      
Graphe869        	309116200        	68447200         	429,8            	559958,4858      
Graphe870        	261971700        	68278500         	416,9            	464559,7982      
Graphe871        	271459700        	67652900         	426,1            	478320,6839      
Graphe872        	320743400        	70113500         	452,6            	553764,8145      
Graphe873        	314326400        	68668300         	431,1            	569818,2726      
Graphe874        	286205400        	69671600         	451,0            	480111,9990      
Graphe875        	362885400        	68959600         	438,9            	669661,8258      
Graphe876        	384543700        	69764900         	424,7            	741128,7017      
Graphe877        	311894600        	68197100         	433,8            	561763,8408      
Graphe878        	363118200        	70574600         	443,8            	659244,7421      
Graphe879        	333497800        	76233200         	444,6            	578696,8988      
Graphe880        	356123200        	70277600         	430,4            	664102,3175      
Graphe881        	355505700        	69983200         	445,8            	640419,1476      
Graphe882        	282122900        	71060000         	439,6            	480075,9653      
Graphe883        	297641900        	70514200         	433,0            	524593,6245      
Graphe884        	310344700        	70629900         	436,8            	548759,0504      
Graphe885        	324972500        	71576600         	443,5            	571312,0613      
Graphe886        	321415300        	70493000         	444,4            	564637,6476      
Graphe887        	327967400        	72835700         	443,8            	574883,1065      
Graphe888        	413735200        	79656400         	447,6            	746340,5458      
Graphe889        	334976600        	71577700         	452,6            	581990,9186      
Graphe890        	317475700        	72339800         	425,3            	576363,1357      
Graphe891        	327987100        	72169200         	446,6            	572821,9031      
Graphe892        	333707400        	72001100         	451,5            	579635,9948      
Graphe893        	323271500        	71787500         	434,8            	578354,3953      
Graphe894        	415687300        	73546300         	447,8            	764099,7203      
Graphe895        	374911000        	72441800         	450,4            	671568,1417      
Graphe896        	382003200        	78717000         	448,7            	675881,0682      
Graphe897        	334918100        	73908200         	450,7            	579068,6945      
Graphe898        	323548500        	71820600         	445,9            	564551,5710      
Graphe899        	374032500        	72540400         	446,0            	675979,4803      
Graphe900        	383005500        	74233500         	455,6            	677714,8614      
Graphe901        	329984600        	72260400         	444,1            	580345,5581      
Graphe902        	345302200        	74245900         	458,2            	591548,8048      
Graphe903        	359469800        	81696300         	452,4            	614001,2786      
Graphe904        	424625700        	81325500         	458,3            	749027,6372      
Graphe905        	295867700        	73439800         	445,9            	498864,0176      
Graphe906        	391434500        	77720200         	455,0            	689525,3717      
Graphe907        	420855800        	80514900         	461,1            	738116,8746      
Graphe908        	354803900        	74621400         	448,6            	624512,7540      
Graphe909        	352540200        	76538600         	457,2            	603639,1995      
Graphe910        	396703100        	74849000         	446,5            	720864,4039      
Graphe911        	424086400        	74431300         	455,2            	768054,8991      
Graphe912        	409037200        	77320600         	472,3            	702353,0898      
Graphe913        	441206600        	83650300         	458,0            	780660,8059      
Graphe914        	348418500        	78252600         	462,7            	583879,2481      
Graphe915        	315926400        	76452200         	462,5            	517732,6139      
Graphe916        	346554600        	82039500         	443,7            	596197,9376      
Graphe917        	405151900        	76592800         	472,2            	695783,7911      
Graphe918        	385817900        	78537500         	465,3            	660322,5910      
Graphe919        	408560400        	83883400         	472,3            	687425,9005      
Graphe920        	401083700        	75728300         	462,9            	702937,0398      
Graphe921        	350191600        	76924300         	456,4            	598755,4134      
Graphe922        	348734500        	77882800         	464,2            	583506,1874      
Graphe923        	547764000        	76261400         	462,9            	1018499,7011     
Graphe924        	464301300        	79687300         	479,3            	802443,6198      
Graphe925        	388773100        	76076400         	461,3            	677821,8607      
Graphe926        	361318600        	77686900         	463,6            	611778,1730      
Graphe927        	357104000        	78492400         	459,5            	606376,9369      
Graphe928        	424483200        	82645900         	466,8            	732302,6453      
Graphe929        	471263800        	79140500         	462,1            	848518,9483      
Graphe930        	398940700        	83074800         	446,5            	707504,6355      
Graphe931        	533387700        	88308300         	470,4            	946211,4322      
Graphe932        	425701800        	83697400         	462,2            	740003,4508      
Graphe933        	440392800        	86555000         	453,0            	781139,4697      
Graphe934        	463996800        	79191600         	461,3            	834225,4383      
Graphe935        	437294000        	86621700         	477,4            	734532,6181      
Graphe936        	447582800        	78771200         	453,5            	813240,7145      
Graphe937        	461176100        	79678500         	466,3            	818152,0674      
Graphe938        	428629500        	87015000         	469,8            	727130,6748      
Graphe939        	397730300        	87411100         	468,1            	662908,1274      
Graphe940        	417526800        	85887900         	461,7            	718338,1938      
Graphe941        	436293600        	83626700         	482,9            	730266,6363      
Graphe942        	337245100        	80458700         	461,6            	556268,7864      
Graphe943        	365042800        	79778800         	461,8            	617702,1413      
Graphe944        	380348000        	81962600         	474,3            	629040,7220      
Graphe945        	326965300        	81200900         	466,2            	527197,8843      
Graphe946        	386376500        	83852900         	475,7            	635983,6449      
Graphe947        	342142600        	82379200         	480,3            	540848,4241      
Graphe948        	380491500        	82777800         	461,2            	645503,5250      
Graphe949        	319624300        	80052400         	464,7            	515502,1504      
Graphe950        	459175600        	80744200         	470,9            	803705,6706      
Graphe951        	475904600        	83594200         	477,2            	822050,4024      
Graphe952        	491361300        	84759400         	478,5            	849696,2034      
Graphe953        	391905800        	83067700         	473,6            	652087,2901      
Graphe954        	454052600        	91045600         	473,5            	766622,5413      
Graphe955        	422242500        	81949700         	469,7            	724558,8253      
Graphe956        	462952800        	82204700         	461,8            	824431,8470      
Graphe957        	543474400        	82261600         	468,6            	984155,4416      
Graphe958        	392857000        	84179600         	496,9            	621214,0925      
Graphe959        	390026900        	83654700         	482,5            	634932,0030      
Graphe960        	361288000        	86455800         	495,6            	554539,9708      
Graphe961        	426980000        	92209900         	510,8            	655436,4064      
Graphe962        	429200500        	80989400         	454,9            	765515,5358      
Graphe963        	579605000        	92249900         	488,7            	997183,5130      
Graphe964        	518587000        	84812300         	482,3            	899302,4089      
Graphe965        	493983800        	85713600         	496,3            	822670,8719      
Graphe966        	397812800        	84970400         	497,8            	628457,0226      
Graphe967        	399384600        	90588000         	484,6            	637203,8216      
Graphe968        	513799000        	90998400         	493,6            	856579,5474      
Graphe969        	351465900        	86667200         	492,1            	538076,9609      
Graphe970        	353124400        	86394600         	497,9            	535712,6797      
Graphe971        	393147400        	85450700         	469,8            	654938,7785      
Graphe972        	445755300        	86765600         	486,8            	737507,4462      
Graphe973        	378890500        	85677300         	476,8            	614953,9564      
Graphe974        	451408600        	87774800         	486,1            	748036,3384      
Graphe975        	402704500        	88982200         	483,6            	648658,4535      
Graphe976        	403075200        	88404500         	491,3            	640542,3772      
Graphe977        	440987700        	86630100         	468,8            	755818,3558      
Graphe978        	463361400        	88741700         	494,1            	758131,1959      
Graphe979        	394249300        	90287800         	484,0            	628026,2416      
Graphe980        	403850800        	88092500         	495,7            	637010,9819      
Graphe981        	461657700        	89519600         	495,4            	751253,7655      
Graphe982        	409722600        	87822800         	496,7            	648055,4274      
Graphe983        	404833200        	87585100         	494,2            	641942,7357      
Graphe984        	483834900        	90320600         	507,6            	775282,9842      
Graphe985        	434996000        	91106200         	511,9            	671783,3960      
Graphe986        	417417100        	92637300         	492,4            	659637,0922      
Graphe987        	363338400        	93097400         	489,2            	552377,3827      
Graphe988        	379923500        	97224800         	508,4            	556103,1746      
Graphe989        	432090500        	94472800         	510,4            	661464,1306      
Graphe990        	386330500        	95025400         	509,6            	571659,9160      
Graphe991        	455411800        	87714900         	487,1            	754901,1138      
Graphe992        	431561000        	105489000        	502,9            	648333,5727      
Graphe993        	427573500        	96896400         	497,3            	664981,8598      
Graphe994        	471857500        	89615300         	502,5            	760755,4761      
Graphe995        	412827200        	92284000         	490,9            	653024,2332      
Graphe996        	400846400        	92619000         	497,5            	619607,4721      
Graphe997        	474217700        	91270800         	496,1            	771964,4231      
Graphe998        	388896000        	93308300         	510,4            	579124,9677      
Graphe999        	421263900        	89182600         	481,1            	690257,2191      
Graphe1000       	421465800        	97564100         	486,0            	666443,8751      
Graphe1001       	526963300        	91991300         	487,2            	892793,4597      
Moy_Final        	138289927        	30344452         	251,3            	303940,1687      